58	0	92.96	1448	1517	1e-22	 102	55	21361	21431	29799	71
2337	0	85.00	22169	22442	2e-76	 278	150	930	1205	3852	280
2490	0	89.80	6589	6541	6e-12	63.9	34	920	968	3061	49
4039	0	92.61	1274	1503	8e-92	 329	178	4664	4892	4892	230
5356	0	76.55	12636	13093	6e-64	 235	127	93	549	1608	469
5447	0	92.32	3416	2729	0.0	 977	529	1	689	689	690
9161	0	86.50	18906	20834	0.0	2097	1135	10	1941	1943	1963
9438	0	99.94	18897	20559	0.0	3068	1661	1	1663	1663	1663
9491	0	96.25	4239	2749	0.0	2451	1327	1	1492	1492	1493
11183	0	82.48	17097	16481	2e-161	 558	302	1	618	1098	628
11899	0	88.87	9438	16464	0.0	8599	4656	4520	11518	15816	7077
11928	0	99.56	5407	8106	0.0	4942	2676	1	2700	2700	2700
12264	0	91.84	6589	6541	3e-13	69.4	37	1651	1699	6741	49
12903	0	91.06	1457	1579	6e-43	 165	89	690	811	1358	123
13017	0	90.99	18884	18992	9e-38	 148	80	1	111	1807	111
13687	0	86.05	17778	18189	1e-124	 435	235	1	412	412	423
14245	0	99.33	22016	21868	1e-74	 270	146	192	340	1002	149
14253	0	98.51	22689	22623	3e-29	 119	64	187	253	878	67
14548	0	99.06	24095	23031	0.0	1917	1038	1	1065	1065	1066
14849	0	99.07	22987	22774	3e-109	 385	208	1	213	895	214
15406	0	83.74	6758	6562	8e-48	 183	99	1626	1824	6173	203
16443	0	90.00	14416	14465	7e-13	65.8	35	138	187	1342	50
19909	0	99.88	16463	8061	0.0	1.548e+04	8382	729	9133	9133	8405
20971	0	84.03	1227	143	0.0	1033	559	876	1964	9509	1102
21221	0	99.81	29685	31259	0.0	2892	1566	903	2477	2988	1575
22042	0	88.15	1298	1622	7e-110	 387	209	400	725	764	329
22573	0	95.30	28015	25707	0.0	3657	1980	1	2306	2306	2321
24259	0	91.53	28200	28089	1e-40	 156	84	1	117	512	118
24347	0	91.07	15387	15934	0.0	 737	399	1354	1897	1897	549
26179	0	100.00	18832	18859	2e-09	52.8	28	414	441	509	28
26406	0	99.79	29787	28327	0.0	2682	1452	31	1491	1491	1462
38951	0	100.00	24118	25280	0.0	2148	1163	1	1163	1163	1163
39345	0	99.86	22001	21312	0.0	1267	686	1	689	689	690
40186	0	80.57	23810	24150	8e-70	 255	138	2247	2589	3051	350
41047	0	72.47	6291	4427	3e-139	 488	264	6747	8620	11293	1943
41273	0	95.51	18896	18476	0.0	 699	378	1	422	422	423
41452	0	99.27	26871	25373	0.0	2712	1468	1	1497	1532	1499
42146	0	87.43	18748	18411	7e-112	 392	212	1	338	338	342
42562	0	98.72	22693	22770	2e-35	 139	75	1	78	582	78
44443	0	99.10	16460	18134	0.0	3029	1640	998	2672	2672	1675
ckmer87_21070	0	84.50	1300	1621	6e-88	 316	171	3371	3696	5155	329
ckmer87_29057	0	89.47	6323	5850	1e-174	 601	325	4	477	480	475
ckmer87_29351	0	94.68	1465	1558	5e-37	 145	78	1	92	798	94
ckmer87_29981	0	89.66	17331	17684	4e-129	 449	243	1	354	354	358
ckmer87_31255	0	87.96	28219	27922	2e-99	 351	190	1	298	691	299
ckmer87_33936	0	92.14	17687	17966	1e-113	 398	215	1	280	280	280
ckmer83_7601	0	100.00	143	497	0.0	 656	355	418	772	772	355
ckmer83_14275	0	95.69	22747	22632	2e-49	 187	101	1782	1897	1897	116
ckmer83_19920	0	91.81	20724	20892	4e-65	 237	128	125	293	390	171
ckmer83_20427	0	88.05	5345	4203	0.0	1336	723	1	1132	1132	1155
ckmer83_22031	0	99.61	21064	21317	3e-134	 466	252	1	254	254	254
ckmer79_10727	0	86.09	2846	1638	0.0	1284	695	2	1221	4530	1244
ckmer79_18555	0	95.40	1559	1473	8e-35	 137	74	645	730	730	87
ckmer79_23433	0	90.04	15375	15894	0.0	 675	365	1234	1747	1747	522
ckmer75_10117	0	97.22	1458	1529	5e-29	 121	65	4690	4760	4760	72
ckmer75_10388	0	85.34	1388	1274	1e-28	 119	64	487	601	2777	116
ckmer75_14688	0	88.77	8833	8374	7e-163	 562	304	1	460	462	463
ckmer75_14923	0	90.13	1615	1304	2e-113	 401	217	2473	2781	6858	314
ckmer75_21434	0	86.36	11046	11380	1e-104	 368	199	1	351	351	352
ckmer67_15186	0	89.31	22499	22107	2e-142	 494	267	1	393	393	393
ckmer67_29249	0	86.94	8082	7253	0.0	 931	504	1	844	844	850
ckmer63_8857	0	97.22	1230	1265	2e-12	62.1	33	114	149	272	36
ckmer63_9213	0	86.49	13906	13073	0.0	 909	492	1	835	835	844
ckmer63_11611	0	83.85	1620	1306	5e-82	 296	160	2507	2824	3288	322
ckmer63_19513	0	90.49	9501	8971	0.0	 708	383	1	531	531	536
kmer59_5658241	0	92.89	5354	5158	2e-80	 287	155	4	200	200	197
kmer59_5774200	0	88.21	10767	10977	7e-70	 252	136	1	211	211	212
kmer59_5951333	0	93.51	2959	3189	1e-97	 344	186	1	231	231	231
kmer59_6018300	0	90.76	10303	10539	3e-89	 316	171	1	238	241	238
kmer59_6081648	0	82.93	15515	15359	9e-35	 135	73	1	157	251	164
kmer59_6159255	0	90.53	12341	12079	1e-98	 348	188	3	265	265	264
kmer59_6204335	0	87.88	1227	1065	2e-51	 191	103	111	273	274	165
kmer59_6225233	0	93.24	6527	6802	2e-116	 407	220	1	279	279	281
kmer59_6231453	0	94.64	8843	8564	9e-125	 435	235	1	280	280	280
kmer59_6244853	0	88.03	9310	9591	3e-94	 333	180	2	284	284	284
kmer59_6318188	0	92.67	12608	12337	6e-112	 392	212	27	299	303	273
kmer59_6354424	0	86.60	7279	7593	2e-97	 344	186	1	315	315	321
kmer59_6402444	0	91.04	13560	13226	3e-130	 453	245	1	335	335	335
kmer59_6425487	0	88.68	6702	6754	6e-13	63.9	34	123	174	347	53
kmer59_6429483	0	89.14	8395	8047	1e-124	 435	235	1	349	349	350
kmer59_6431307	0	93.12	11366	11713	2e-147	 510	276	3	350	350	349
kmer59_6440577	0	90.96	1438	1274	1e-59	 219	118	124	285	356	166
kmer59_6473195	0	89.47	2346	2697	2e-127	 444	240	19	374	377	361
kmer59_6478337	0	91.12	16285	15905	4e-149	 516	279	1	381	381	383
kmer59_6566533	0	88.89	14274	14736	2e-163	 564	305	1	459	459	468
kmer59_6572923	0	90.36	13922	14387	6e-178	 612	331	1	466	466	467
kmer59_6580044	0	80.43	6763	6546	1e-41	 159	86	205	428	474	230
kmer59_6600642	0	93.55	31399	31280	8e-48	 180	97	289	411	500	124
kmer59_6626462	0	91.12	7673	8201	0.0	 717	388	11	539	539	529
kmer59_6649214	0	100.00	24576	24548	6e-10	54.7	29	119	147	580	29
kmer59_6666876	0	88.24	10486	11101	0.0	 734	397	1	616	616	621
kmer59_6669740	0	90.00	6589	6541	1e-12	63.9	34	418	466	622	50
kmer59_6693286	0	84.98	1274	1544	5e-76	 274	148	332	602	678	273
kmer59_6711096	0	87.35	15358	14945	2e-135	 472	255	317	731	731	419
kmer59_6712768	0	92.01	10266	9536	0.0	1027	556	1	736	736	738
kmer59_6713704	0	90.23	13548	14279	0.0	 953	516	5	736	739	737
kmer59_6718764	0	88.59	14338	15111	0.0	 920	498	1	756	756	780
kmer59_6751021	0	100.00	24289	24316	3e-09	52.8	28	307	334	890	28
kmer59_6770505	0	84.58	22243	22442	5e-53	 198	107	1	200	1003	201
kmer63_5603588	0	90.74	6597	6545	5e-14	71.3	38	1732	1784	4176	54
kmer63_4844245	0	92.91	4951	5204	2e-105	 370	200	1	254	254	254
kmer63_5039503	0	91.84	143	436	2e-117	 411	222	3	296	297	294
kmer63_5401238	0	86.44	16480	16947	3e-147	 510	276	135	602	602	472
kmer63_5422448	0	78.85	25189	25650	5e-81	 291	157	157	651	651	506
kmer67_3274153	0	89.43	1289	1411	2e-40	 154	83	84	205	206	123
kmer67_3407139	0	100.00	31084	31057	8e-10	52.8	28	128	155	219	28
kmer67_3529382	0	91.91	22449	22215	4e-93	 329	178	1	235	235	235
kmer67_3607861	0	87.50	8908	9151	4e-78	 279	151	1	244	247	248
kmer67_3657023	0	88.59	16464	16282	7e-61	 222	120	73	255	255	184
kmer67_3901215	0	92.97	12964	13274	3e-130	 453	245	2	313	313	313
kmer67_4159420	0	87.72	6562	6731	9e-53	 196	106	349	517	517	171
kmer75_2159784	0	91.45	16301	16068	6e-91	 322	174	1	234	234	234
kmer75_2385044	0	90.71	12824	13090	7e-101	 355	192	1	267	274	269
kmer75_2609523	0	90.12	8162	8504	5e-128	 446	241	1	343	343	344
kmer75_2844668	0	92.10	12015	11396	0.0	 874	473	3	622	622	620
kmer75_2936922	0	92.04	24878	25276	5e-162	 560	303	624	1022	1022	402
kmer79_1889894	0	85.77	12522	12786	3e-75	 270	146	13	268	268	267
kmer79_1932776	0	100.00	29777	29720	2e-26	 108	58	1	58	277	58
kmer79_2051979	0	93.20	5907	6215	8e-131	 455	246	1	309	309	309
kmer79_2165967	0	85.60	2777	2429	7e-102	 359	194	1	352	356	361
kmer79_2416225	0	91.34	7261	6739	0.0	 713	386	1	526	747	531
kmer83_1361092	0	88.37	17212	17423	2e-70	 254	137	8	219	219	215
kmer83_1392444	0	83.06	17051	17287	2e-56	 207	112	2	235	235	242
kmer83_1455802	0	91.09	15881	16136	4e-98	 346	187	1	256	256	258
kmer83_1526884	0	80.68	22095	22389	2e-56	 207	112	1	271	271	295
kmer83_1665161	0	90.16	5297	5598	6e-112	 392	212	3	305	307	305
kmer83_2015669	0	100.00	1290	612	0.0	1254	679	1	679	679	679
kmer87_1065220	0	100.00	22173	22259	1e-42	 161	87	115	201	201	87
kmer87_1078168	0	98.68	21081	21006	7e-35	 135	73	130	205	206	76
kmer87_1122346	0	89.96	18866	19091	2e-81	 291	157	1	226	226	229
kmer87_1145104	0	93.22	25316	25202	3e-44	 167	90	1	114	238	118
kmer87_1158348	0	87.50	25373	25551	7e-56	 206	111	65	245	245	184
kmer87_1159146	0	100.00	21071	21039	2e-12	62.1	33	214	246	246	33
kmer87_1170698	0	93.36	17358	17610	2e-106	 374	202	1	253	253	256
kmer87_1180000	0	100.00	22800	22769	6e-12	60.2	32	1	32	259	32
kmer87_1238136	0	97.77	20893	21071	5e-87	 309	167	44	222	273	179
kmer87_1254396	0	100.00	21983	22259	4e-148	 512	277	1	277	277	277
kmer87_1262390	0	100.00	22689	22603	2e-42	 161	87	193	279	279	87
kmer87_1263666	0	92.86	21726	21644	3e-30	 121	65	1	83	279	84
kmer87_1358304	0	90.80	23279	23031	4e-94	 333	180	1	249	305	250
kmer87_1358786	0	100.00	20844	20540	1e-163	 564	305	1	305	305	305
kmer87_1380770	0	97.62	29663	29787	1e-58	 215	116	1	125	312	126
kmer87_1387140	0	93.04	25619	25932	6e-132	 459	248	1	314	314	316
kmer87_1444974	0	92.88	5407	5741	3e-140	 486	263	1	335	335	337
kmer87_1474308	0	94.12	21649	21732	2e-32	 128	69	264	348	348	85
kmer87_1511222	0	100.00	22194	22280	2e-42	 161	87	1	87	371	87
kmer87_1665638	0	100.00	29761	29720	4e-17	78.7	42	1	42	559	42
kmer87_1798656	0	100.00	1383	2749	0.0	2525	1367	1	1367	1367	1367
G3QRPMK01BD0HH	0	99.55	22217	22437	7e-115	 401	217	1	220	220	221
G3QRPMK01DA652	0	96.43	22286	22617	2e-157	 544	294	1	328	328	336
G3QRPMK01D7EPI	0	82.03	22191	22442	2e-57	 211	114	1	252	370	256
G3QRPMK01EA2G2	0	100.00	22582	22219	0.0	 673	364	1	364	364	364
G3QRPMK01BFVJR	0	100.00	22009	21687	1e-173	 597	323	1	323	323	323
